0 0 0 0 0 0 1 1 0 1 1 0 1 1 1 0 1 1 0 0 0 0 0 1 0 0 0 0 1 1 1 1 1 0 0 1 0 1 1 0 0 1 0 0 0 1 0 0 0 0 1 1 1 1 1 1 0 1 1 0 0 1 0 0 0 0 1 1 1 1 0 1 0 1 0 1 0 1 1 0 1 1 1 0 1 1 0 0 0 0 0 0 0 1 0 1 1 1 0 0 
0 0 1 0 1 1 0 1 0 1 1 0 0 1 1 1 0 0 1 0 0 1 0 0 1 0 1 1 0 1 0 1 0 0 0 0 0 1 1 0 0 0 0 1 1 1 1 1 0 1 0 0 0 0 0 1 0 1 0 0 1 0 0 1 1 0 1 1 0 1 1 1 1 1 0 0 1 1 0 0 1 1 0 1 0 0 0 1 0 0 1 1 0 1 1 1 0 1 1 0 
1 1 0 1 0 1 0 0 1 1 1 1 1 0 1 1 0 0 0 1 1 1 1 0 1 0 1 0 1 0 0 1 1 1 1 0 0 1 1 1 0 0 0 0 1 1 0 1 0 0 0 0 1 1 0 0 1 0 1 1 0 0 1 1 1 1 0 0 0 0 1 0 0 1 0 0 0 1 1 0 1 0 0 0 1 1 1 1 0 1 0 1 1 0 1 1 0 1 0 0 
1 1 0 0 1 0 1 0 0 0 0 0 1 0 1 1 0 0 0 1 1 1 0 0 0 1 1 1 1 1 1 0 0 0 0 1 0 0 0 0 1 0 1 1 0 0 1 1 1 1 1 0 1 0 1 1 1 1 1 0 1 1 1 0 1 0 0 0 1 0 1 0 1 1 0 0 1 1 0 0 1 0 1 0 1 0 1 1 1 0 0 1 1 0 1 1 0 1 1 0 
1 1 1 1 0 1 1 1 0 0 1 0 1 0 0 1 0 1 0 1 0 1 0 1 1 1 1 1 0 1 1 1 0 0 1 0 1 1 1 1 0 0 1 0 0 0 1 0 0 1 0 0 0 1 0 1 1 1 0 1 0 0 1 0 0 1 1 0 0 1 0 0 0 0 0 1 1 0 0 1 0 0 0 1 1 1 1 0 0 0 0 1 0 1 1 0 1 0 1 0 
0 0 1 1 0 0 1 1 1 0 0 0 0 1 1 0 0 1 1 1 0 0 0 0 1 1 0 1 0 1 0 0 0 1 0 1 1 0 1 1 0 0 1 1 1 1 0 0 0 1 0 0 1 1 0 1 0 0 1 1 0 1 0 0 1 1 1 1 1 1 1 1 0 0 1 1 1 1 1 0 1 0 1 1 1 0 1 1 0 1 0 1 1 0 1 0 1 0 0 0 
0 0 0 0 0 1 0 1 1 1 1 1 1 0 0 0 0 1 0 1 1 0 0 1 0 1 0 1 1 0 0 1 1 1 1 0 1 0 0 1 0 0 0 0 1 0 1 0 1 1 0 1 0 0 1 1 1 0 1 1 1 0 0 1 0 0 0 1 1 1 0 1 0 1 0 0 1 1 0 0 0 0 1 1 1 1 0 0 0 0 0 1 0 1 0 0 0 1 1 0 
1 1 0 1 0 1 1 0 1 1 0 1 1 1 0 1 1 1 0 1 0 0 0 1 0 0 0 0 1 1 0 1 0 0 0 0 0 0 1 1 1 1 1 1 1 0 1 1 0 0 1 1 1 0 0 0 1 1 1 0 0 0 1 0 1 1 1 1 1 1 0 0 0 1 0 1 0 1 1 1 1 1 1 0 0 1 1 1 0 0 0 0 0 0 0 1 1 0 1 1 
1 0 1 0 0 1 0 0 0 1 0 0 1 1 0 0 1 0 1 0 0 0 0 0 0 0 0 1 1 0 1 0 1 0 0 1 1 0 0 1 0 0 1 1 1 1 1 1 1 1 1 1 1 1 0 1 1 0 0 0 0 0 1 1 1 1 0 1 0 1 1 1 1 1 0 1 1 1 1 0 1 0 1 0 0 0 1 0 1 0 0 0 1 0 0 0 0 0 0 1 
1 0 1 0 1 0 0 1 1 0 0 1 1 0 0 0 0 0 1 0 0 1 1 1 0 1 0 1 0 0 1 1 1 0 0 0 1 0 1 0 1 1 0 1 0 1 0 0 0 0 0 1 0 0 1 0 0 1 1 1 0 1 0 0 1 1 0 0 1 0 0 0 0 1 1 0 0 1 0 0 1 0 1 1 0 0 1 0 1 0 1 1 1 1 1 1 1 0 1 1 
1 0 0 1 0 0 1 1 1 0 0 0 0 0 0 1 1 1 1 0 0 1 1 0 1 0 0 0 1 1 1 0 0 0 1 0 0 0 0 1 1 1 0 1 0 1 1 1 0 0 1 0 0 0 1 1 0 1 1 1 0 0 1 1 0 1 1 0 0 0 0 1 0 1 1 1 0 1 1 0 1 0 0 0 1 1 1 1 1 1 1 1 1 0 1 0 0 1 1 0 
1 1 0 1 0 1 1 1 1 0 0 0 1 0 0 1 0 1 0 1 1 1 1 0 1 0 1 1 1 0 1 0 0 1 1 1 1 0 0 1 0 1 1 1 1 1 0 1 0 0 1 0 0 1 1 0 0 1 0 1 1 1 0 1 0 0 1 0 1 1 0 1 1 1 1 1 1 0 0 1 1 1 1 1 0 1 0 0 1 1 1 1 0 1 1 1 1 1 0 0 
0 1 0 0 1 0 0 0 1 1 1 0 0 0 1 0 1 1 1 1 1 0 1 1 0 0 0 1 1 0 0 1 1 0 0 1 1 0 0 0 1 1 1 1 1 1 1 0 0 1 1 1 0 1 1 1 1 1 1 1 0 0 1 1 1 0 1 0 1 1 0 1 1 0 0 1 0 1 0 0 0 1 0 1 0 1 0 0 1 1 0 1 0 1 0 1 0 1 0 1 
0 0 0 1 1 1 0 0 0 1 0 0 1 0 1 1 1 0 1 1 1 1 1 0 1 1 0 0 0 1 0 1 0 0 1 0 1 0 0 0 0 0 0 0 0 0 0 0 0 1 1 0 1 1 0 1 0 1 1 1 1 1 0 0 1 1 1 0 1 0 1 0 0 1 1 1 1 1 1 0 1 1 1 1 1 0 0 0 1 0 1 1 1 0 0 1 0 1 1 1 
0 0 0 0 0 1 1 0 1 0 0 1 0 1 0 1 1 0 0 1 0 0 1 1 1 0 1 1 1 0 0 1 1 0 1 0 0 1 1 0 0 1 0 0 1 0 0 1 1 1 1 0 0 0 0 1 1 1 1 0 0 1 0 0 1 1 1 0 1 0 1 0 0 1 1 1 0 1 1 1 0 1 1 0 0 1 1 0 1 0 0 1 0 0 1 1 0 1 0 1 
1 0 1 1 0 1 1 1 1 0 1 0 1 0 1 0 1 0 1 0 0 1 0 0 1 1 1 1 0 1 1 1 1 0 0 0 1 1 0 1 0 1 0 0 1 1 1 1 1 1 0 1 1 0 1 0 0 1 1 1 1 1 0 1 1 0 1 1 1 1 0 1 1 0 1 1 0 0 1 1 0 1 1 0 0 0 1 1 0 0 0 1 1 1 0 0 1 1 1 0 
1 0 0 0 0 0 0 1 1 0 1 1 1 1 0 0 0 1 1 0 0 1 0 1 0 1 1 1 1 1 1 0 1 0 1 1 0 0 0 1 1 0 0 0 0 1 1 0 0 0 1 1 0 0 1 1 1 1 0 1 0 0 1 0 1 0 0 0 1 1 0 0 1 1 1 1 1 0 0 1 0 1 0 0 1 0 1 0 1 0 1 0 0 1 1 0 0 1 0 1 
1 0 1 1 1 0 1 0 0 1 0 0 0 0 1 1 0 0 0 0 1 1 0 0 0 0 0 0 0 1 1 0 1 0 1 0 0 1 1 1 0 1 0 0 1 1 0 1 1 0 1 1 1 0 0 0 1 0 1 0 0 0 1 1 0 1 0 1 0 1 1 1 1 1 0 0 0 1 1 0 1 0 0 1 0 0 1 1 0 0 0 1 1 1 1 1 1 0 1 0 
1 1 0 0 0 0 0 0 0 1 1 0 1 0 1 1 1 0 0 0 1 0 0 0 1 0 1 0 0 1 0 0 0 1 1 1 1 1 0 0 0 1 0 1 1 0 0 1 0 1 1 1 0 0 0 1 1 1 1 0 1 1 1 0 1 1 1 1 0 0 1 1 1 1 1 0 0 1 1 0 1 0 1 0 1 1 1 1 1 0 1 0 1 0 0 1 0 1 1 0 
1 0 1 1 1 0 1 0 0 0 0 1 1 1 1 1 1 0 0 0 1 0 1 0 0 1 1 1 0 0 0 1 0 1 0 1 1 1 1 0 1 0 0 1 0 0 0 0 0 0 1 1 0 0 0 0 0 1 1 0 1 1 0 1 0 1 1 1 1 0 0 0 0 1 1 1 1 1 0 0 0 0 1 0 0 0 1 1 1 1 1 0 1 1 0 0 1 0 0 1 
0 1 0 1 1 0 1 1 0 0 1 1 0 1 0 0 1 0 0 1 0 0 1 1 1 1 0 0 1 1 1 0 0 0 1 1 0 1 0 1 1 0 0 0 1 0 0 0 0 1 1 0 0 1 1 1 0 1 1 1 1 1 0 1 0 1 1 0 0 1 0 0 0 0 0 0 0 0 1 1 0 0 1 0 1 1 0 0 0 0 1 1 0 1 0 0 0 1 1 1 
1 0 0 0 0 0 0 1 0 0 0 1 1 0 0 1 0 0 1 1 0 0 1 1 0 0 1 1 0 0 1 0 1 1 0 0 0 1 1 0 0 1 0 0 1 1 0 1 1 1 1 1 0 1 1 1 0 0 1 0 0 0 1 0 1 1 1 0 1 0 0 0 1 1 1 1 1 0 0 0 1 1 0 0 1 0 1 1 0 0 0 1 0 1 0 0 1 1 0 0 
1 1 1 0 0 0 1 1 1 0 1 0 1 1 1 0 1 0 0 1 0 0 0 1 0 1 1 1 1 1 0 0 0 0 1 0 1 1 0 1 1 1 0 1 1 0 1 1 1 0 0 1 1 1 0 0 0 0 0 0 0 0 1 0 0 1 0 1 1 0 1 1 0 1 0 1 1 1 0 0 1 0 0 1 1 1 0 0 0 1 1 1 1 1 1 0 1 0 0 1 
1 1 1 1 0 1 1 0 1 1 1 0 0 0 0 0 1 0 0 0 0 1 0 0 1 0 1 1 0 0 1 1 0 0 1 1 0 1 1 1 0 1 1 0 1 0 1 0 0 0 1 1 0 0 0 1 0 1 1 1 0 1 0 0 0 0 0 0 1 0 0 0 1 1 0 1 1 0 1 1 0 0 1 1 1 0 1 0 0 1 1 0 0 1 1 1 0 0 0 0 
1 0 1 0 1 0 1 0 0 1 1 1 0 1 0 0 0 1 0 0 1 0 0 0 0 1 1 0 1 1 0 1 1 1 0 0 0 1 1 1 1 1 0 0 0 1 1 1 0 0 0 0 1 0 0 0 1 0 1 1 1 1 1 1 1 1 0 1 0 0 0 0 0 1 0 0 1 0 0 1 0 0 1 1 1 0 0 1 0 0 0 0 1 0 0 0 0 0 1 1 
1 1 1 1 0 1 0 1 0 1 0 0 0 1 0 1 1 1 0 0 1 0 1 0 0 0 0 0 1 1 1 0 0 0 0 0 1 1 1 0 0 1 0 1 1 0 1 0 1 1 1 1 0 1 1 0 1 1 0 1 1 0 0 0 1 0 1 1 0 1 1 1 0 0 0 1 1 1 0 0 1 0 0 0 0 1 1 0 0 1 1 1 1 1 0 0 0 1 0 0 
1 0 1 1 1 1 0 0 1 1 0 1 1 1 0 0 0 1 1 0 0 0 1 1 1 1 0 1 0 1 1 0 0 1 0 0 1 1 1 1 0 0 0 1 0 0 1 0 1 1 1 0 0 1 0 1 0 1 1 1 1 1 1 0 1 0 0 0 0 1 1 0 1 1 1 1 0 1 0 0 0 1 1 0 1 0 0 0 0 0 0 0 1 1 0 1 0 1 1 0 
0 0 1 1 0 1 0 1 0 0 0 1 0 1 1 1 1 1 0 0 1 0 1 1 1 1 1 0 0 1 1 1 0 1 1 1 0 1 1 1 1 0 1 1 1 0 1 1 0 0 1 0 1 1 0 0 0 0 0 1 0 1 0 0 0 1 1 1 1 1 0 1 1 0 1 1 0 0 1 0 0 1 0 1 0 0 0 0 1 1 1 0 0 0 1 0 0 0 1 1 
1 0 0 1 0 0 1 1 1 0 0 0 1 1 1 0 0 0 1 1 1 1 0 1 1 0 1 1 0 0 0 1 1 1 1 0 0 1 1 1 1 1 1 1 0 1 1 0 0 0 1 1 0 0 1 1 0 0 1 0 0 1 1 0 0 1 1 0 0 0 1 1 0 0 0 1 0 1 1 0 0 1 1 0 0 1 1 0 0 0 1 0 1 0 0 0 0 1 0 0 
1 1 0 1 0 0 1 0 1 1 1 0 0 1 1 1 1 0 0 1 1 1 1 1 0 0 1 0 0 0 1 0 1 1 1 1 1 0 1 0 1 0 1 0 1 0 0 0 1 0 1 1 0 0 1 1 1 0 0 1 1 1 0 1 0 1 0 1 1 0 0 1 0 0 1 0 0 0 1 1 1 1 1 0 0 0 1 0 1 0 0 0 1 1 1 1 0 1 0 1 
0 1 1 0 0 0 1 1 0 0 1 1 1 1 1 0 1 1 1 1 0 1 0 0 0 0 1 0 1 0 0 0 1 1 0 0 0 1 1 1 0 1 0 0 0 1 1 1 1 0 0 0 0 1 0 0 1 1 1 1 0 1 1 0 1 1 1 1 0 0 1 1 0 1 0 0 0 1 0 0 0 1 1 0 1 0 1 1 0 1 1 1 1 0 1 1 0 1 0 1 
0 1 0 0 0 0 0 0 0 1 1 0 0 1 0 0 0 0 1 0 0 0 1 1 0 0 0 1 1 1 1 0 0 0 1 0 1 1 1 0 0 0 1 1 0 0 1 0 0 0 0 1 0 0 1 1 0 0 1 0 1 0 1 1 1 0 0 0 1 0 1 0 0 0 1 1 1 0 0 0 0 0 0 0 1 1 0 0 1 1 0 1 1 1 0 0 0 1 1 0 
1 1 0 1 0 1 0 1 0 1 1 1 1 0 1 0 0 0 1 0 0 1 0 1 1 0 0 1 1 0 0 0 0 1 1 1 0 0 1 1 0 1 0 1 0 1 0 1 1 1 1 0 1 1 0 0 1 1 1 0 0 0 1 1 0 0 1 0 1 0 0 0 1 0 1 1 0 1 1 1 0 1 0 1 1 1 0 1 1 0 0 1 1 1 0 0 1 1 0 0 
1 0 1 1 1 0 0 0 1 0 1 0 0 1 0 1 0 1 0 0 1 0 1 1 0 1 1 1 0 1 0 0 0 0 1 1 1 1 1 0 0 1 0 1 1 1 1 1 0 0 0 0 1 0 0 0 0 0 1 0 1 1 0 0 0 1 1 1 0 0 1 1 1 0 1 0 1 0 1 1 1 0 1 0 0 0 1 1 0 0 0 0 1 0 1 0 0 1 0 0 
1 0 0 0 1 0 0 1 1 1 1 0 0 1 0 0 0 1 0 0 0 0 1 0 0 1 1 0 0 1 1 1 0 0 0 0 1 1 1 1 0 1 0 0 1 0 1 1 1 0 1 0 0 1 0 1 1 0 1 1 0 0 0 1 0 0 1 1 0 1 1 0 1 0 1 1 0 1 1 1 1 0 0 0 0 1 1 1 1 1 0 0 1 1 0 0 0 1 1 0 
1 1 1 1 0 1 1 1 1 0 0 1 1 0 0 1 1 1 1 1 0 1 0 1 0 1 0 1 0 1 1 0 1 0 1 0 1 0 1 1 0 1 0 1 0 0 0 0 0 1 0 0 1 0 0 1 0 1 0 0 0 1 1 0 1 1 0 0 1 0 1 0 0 0 1 0 0 1 1 1 1 1 0 0 0 0 0 0 0 1 0 0 0 0 0 0 1 0 0 0 
0 1 0 1 1 0 1 0 0 0 1 0 0 1 0 0 0 0 0 0 0 0 1 1 0 1 0 0 1 1 0 1 0 0 0 0 0 0 1 1 0 1 1 1 1 0 0 1 1 1 1 0 0 0 1 0 0 0 1 0 0 1 1 1 1 0 0 1 0 0 0 1 1 0 0 0 0 0 0 1 0 0 0 0 1 0 0 1 0 1 0 0 1 1 1 1 0 1 1 0 
1 0 0 1 1 0 0 0 0 1 0 0 1 0 0 1 0 1 1 0 1 0 1 1 0 1 1 0 1 1 0 1 1 0 1 1 1 0 0 1 0 1 0 1 1 0 1 0 0 0 0 0 0 0 1 1 1 0 1 0 0 1 0 1 0 1 0 1 0 0 0 1 0 1 0 1 1 1 1 1 1 1 1 0 0 0 0 0 1 1 1 0 1 1 1 1 1 1 0 1 
0 0 1 0 0 0 0 0 1 1 1 1 1 0 0 1 0 1 1 1 0 0 1 0 1 1 0 0 1 1 0 1 1 0 1 1 1 1 0 1 0 0 1 1 1 1 0 1 0 0 1 0 0 0 0 0 0 1 1 1 1 1 1 1 1 0 1 0 1 1 1 1 0 1 0 0 0 0 1 0 1 1 1 0 1 1 1 1 1 0 1 0 1 1 1 1 0 0 1 0 
1 0 0 1 1 1 1 1 0 1 0 1 0 0 0 0 0 0 1 0 1 0 1 0 1 0 1 1 0 0 0 0 1 0 1 0 1 1 1 0 1 0 0 0 0 0 0 0 0 1 1 0 1 0 0 1 1 0 1 0 0 1 0 0 1 0 0 0 1 1 0 0 1 0 0 1 0 0 0 1 0 0 0 1 1 0 0 1 0 1 0 1 1 0 1 0 1 1 1 0 
0 1 1 0 0 0 0 1 1 1 1 0 1 0 0 1 1 0 0 1 1 1 0 1 1 0 1 1 0 0 0 1 1 0 0 1 0 1 0 1 0 0 1 0 1 1 0 1 1 1 0 1 0 0 1 1 0 1 0 0 1 1 0 1 0 0 0 0 1 0 1 1 0 0 1 1 0 1 0 1 1 0 1 0 0 0 0 0 0 0 0 0 0 0 1 1 0 0 0 1 
1 1 1 0 1 1 1 1 1 1 0 1 1 1 0 1 1 1 1 0 1 0 1 0 0 0 1 0 0 1 1 0 1 1 1 1 1 0 1 0 1 0 1 0 1 0 0 0 0 1 0 1 1 0 1 0 1 0 1 0 0 0 0 1 1 1 0 0 0 0 1 0 1 0 1 0 1 1 0 1 0 0 1 1 1 0 1 1 1 0 1 1 1 1 1 1 0 0 0 1 
0 0 1 0 0 1 1 0 1 1 1 0 1 1 0 1 1 1 0 1 0 0 1 0 0 1 0 0 0 1 0 0 0 1 0 0 0 1 1 0 1 1 0 1 1 0 1 1 0 0 0 1 1 0 1 0 0 1 0 0 0 0 1 0 0 1 1 0 1 1 0 0 1 1 0 0 1 0 0 0 1 1 1 1 0 1 0 1 1 1 1 1 0 0 1 0 0 1 0 1 
0 1 0 1 0 1 0 1 1 0 1 0 1 1 0 0 1 1 1 0 1 0 0 1 1 0 0 1 0 1 1 0 0 0 1 0 1 1 0 1 0 1 1 0 1 0 0 0 0 0 0 1 0 0 1 1 1 0 1 1 0 0 0 0 0 1 0 1 0 0 0 1 1 0 0 0 1 0 0 0 1 1 1 1 1 1 0 1 0 1 0 1 0 1 0 1 1 1 0 0 
1 0 1 1 0 1 0 0 0 0 1 0 1 1 1 0 1 1 0 1 0 0 0 1 1 1 0 1 1 1 1 0 1 0 0 0 0 1 1 0 0 0 1 1 0 1 0 0 0 1 0 0 0 0 1 0 1 0 1 1 1 1 0 1 0 0 0 1 0 1 0 0 0 0 0 1 1 0 1 0 0 1 0 0 1 1 0 0 0 0 0 1 1 1 0 1 0 0 0 1 
1 0 0 0 1 0 1 0 0 0 0 0 0 1 0 0 0 0 0 1 0 1 1 1 0 1 1 0 0 0 0 1 1 1 0 1 1 0 1 0 0 1 1 1 1 0 1 1 1 0 1 1 1 0 0 0 1 0 0 0 0 1 0 1 1 0 0 1 0 1 1 0 1 0 1 1 0 1 1 1 0 1 0 0 1 0 1 1 0 0 1 0 0 1 0 0 1 0 1 0 
0 0 0 0 0 1 0 0 0 1 1 1 0 1 0 0 0 1 1 0 0 1 0 1 1 0 1 0 0 0 0 1 0 0 0 0 1 0 0 0 1 0 1 1 0 1 0 0 0 1 1 0 0 0 1 0 0 0 1 1 1 0 0 1 1 1 1 1 0 1 1 0 0 0 1 1 0 0 1 1 1 1 0 1 0 1 1 1 1 1 0 0 1 1 1 0 1 0 0 1 
1 1 0 0 0 1 1 0 1 0 0 0 1 0 0 1 1 0 1 0 0 0 1 1 0 0 0 0 1 0 1 1 1 1 0 0 0 0 0 1 0 0 1 0 0 1 1 0 0 1 0 1 1 0 0 0 0 0 1 1 0 0 1 0 0 1 1 0 0 0 0 0 1 0 0 0 0 1 0 1 0 0 0 1 1 0 0 1 1 0 1 0 0 0 1 1 0 1 1 0 
1 1 1 1 1 1 0 1 0 1 1 0 1 0 1 0 0 0 0 1 0 0 0 0 1 1 0 0 0 0 0 0 0 1 0 1 1 0 0 1 0 1 1 1 0 1 0 0 0 0 1 0 1 1 1 0 0 0 0 0 1 0 1 0 1 1 1 0 0 0 0 1 0 1 1 0 1 1 1 1 0 0 0 0 0 1 1 0 0 0 0 1 1 0 1 0 1 0 0 1 
1 0 1 1 1 0 0 1 1 1 1 0 0 0 1 1 1 1 0 0 1 1 0 1 0 1 1 1 1 0 1 1 1 0 1 1 0 0 0 0 1 0 1 1 0 0 0 0 1 0 1 1 0 0 0 1 1 0 1 0 1 0 1 1 1 0 1 0 1 1 1 1 0 1 1 0 0 0 0 1 1 0 0 0 1 1 0 0 1 0 0 1 0 1 0 1 1 0 0 0 
1 0 0 0 1 1 1 0 0 0 1 0 0 0 1 1 0 1 0 1 1 0 0 0 0 1 0 0 1 1 1 0 0 0 0 1 0 1 0 1 1 1 1 1 0 1 0 0 1 1 0 0 1 1 0 1 1 0 0 0 0 1 0 1 1 1 0 1 0 1 0 1 1 1 0 1 1 1 1 1 0 0 1 1 1 0 0 0 0 0 0 0 0 0 1 0 1 0 0 1 
1 1 1 1 0 0 0 1 1 1 1 0 1 1 1 1 0 1 0 0 1 0 0 0 0 1 1 0 1 1 0 1 1 0 1 1 1 0 0 0 1 0 1 0 0 1 1 0 0 0 0 0 1 0 0 0 1 0 0 0 1 1 0 1 1 0 1 1 0 1 0 0 1 1 1 1 0 0 1 0 1 1 0 0 1 1 0 1 1 1 1 1 0 1 1 0 0 0 0 0 
1 1 0 0 1 1 0 1 1 0 0 0 1 0 0 0 1 1 0 1 0 0 1 0 1 1 0 0 0 0 0 0 1 1 1 1 0 1 1 0 0 0 1 0 1 1 1 1 0 0 0 0 0 0 0 1 1 1 0 0 0 1 0 0 0 0 1 0 1 1 0 0 0 1 0 1 0 1 1 0 0 1 1 1 0 1 0 1 0 0 0 1 1 1 0 1 0 1 1 1 
1 0 1 0 1 1 1 0 0 0 1 1 0 0 0 0 0 1 0 0 1 1 0 1 1 0 0 0 0 1 0 0 1 1 0 0 1 0 0 1 0 0 1 0 0 0 0 0 1 1 1 1 0 0 0 1 0 1 0 1 0 0 0 1 0 1 1 1 0 1 1 0 1 1 1 0 0 1 1 0 1 1 0 1 0 0 1 1 1 0 0 0 1 0 1 1 1 1 1 1 
0 1 1 0 0 1 1 0 1 0 0 1 1 0 1 1 1 1 0 0 1 1 0 1 1 0 0 0 1 0 1 0 0 0 1 0 0 0 0 0 1 0 0 0 1 1 1 0 0 0 0 1 0 1 0 1 1 0 0 0 1 0 0 0 1 1 1 1 1 1 1 1 0 1 1 1 1 0 1 1 1 1 0 1 0 0 0 1 1 1 1 1 0 1 0 0 1 0 1 0 
1 1 1 0 1 1 0 1 1 0 1 1 1 1 1 1 1 1 1 1 1 0 0 1 0 1 1 0 0 0 0 0 0 1 0 1 0 1 0 1 0 0 1 0 1 0 1 0 0 0 0 0 0 1 0 0 1 1 1 0 1 0 1 1 0 1 0 0 0 0 1 1 0 0 1 1 0 0 0 0 1 1 0 0 0 1 0 1 1 0 1 0 0 1 0 1 0 1 1 0 
1 1 1 1 1 0 1 0 1 1 1 0 1 0 0 0 0 0 0 1 1 0 1 0 1 0 1 1 1 0 0 0 0 0 1 1 0 0 1 0 0 0 1 1 0 1 0 1 0 1 0 1 1 0 1 0 0 1 0 0 1 1 0 1 1 1 1 1 0 1 0 1 1 0 1 1 0 1 1 0 0 0 1 0 1 0 1 0 0 1 0 0 1 1 0 0 0 1 1 0 
1 1 0 0 0 0 0 0 1 0 0 1 1 1 1 0 1 1 1 0 1 0 1 1 0 1 1 0 0 0 1 0 0 0 0 0 0 1 1 0 0 0 1 0 0 1 0 1 1 0 0 1 0 0 0 1 0 0 0 0 1 1 0 1 1 0 1 1 0 1 0 0 1 0 1 0 1 0 0 0 0 0 0 0 0 1 0 0 1 1 1 0 0 0 0 0 1 1 0 0 
1 0 0 0 0 1 0 0 0 1 1 1 1 1 0 0 1 1 0 1 0 1 1 1 1 1 0 1 0 0 1 1 1 1 0 0 1 1 1 0 0 0 0 0 0 1 0 0 1 1 0 0 1 1 1 1 0 0 0 0 0 1 0 0 1 0 1 0 1 1 0 0 1 0 0 1 1 0 0 1 1 1 0 1 0 0 1 1 1 0 0 1 0 0 1 1 1 0 0 0 
0 1 1 0 1 1 0 0 0 1 1 0 1 1 0 1 0 0 0 0 0 1 0 0 0 1 1 1 1 0 1 0 1 0 1 1 1 0 0 1 0 0 1 0 0 0 1 0 1 1 1 0 0 0 0 0 1 0 0 0 0 0 0 0 1 0 0 1 0 1 1 0 0 1 1 0 1 1 0 0 1 0 1 0 0 0 1 1 0 1 0 0 1 0 1 1 0 0 0 0 
1 1 1 0 0 1 0 1 0 0 0 0 0 1 0 1 0 1 0 0 1 1 1 0 1 1 1 1 1 1 1 0 1 0 0 1 1 0 1 0 0 0 0 1 1 1 0 1 0 0 1 1 1 1 0 1 1 1 1 0 0 0 0 1 0 1 1 0 1 1 0 0 1 1 1 0 1 1 1 1 0 0 0 0 0 1 1 1 1 0 0 0 0 0 1 1 1 0 1 0 
1 1 1 0 1 1 1 0 0 1 0 1 0 0 1 0 1 1 0 0 1 0 1 0 1 1 0 0 1 1 1 1 1 1 1 1 1 0 0 0 0 0 0 0 1 1 1 1 1 0 1 0 1 1 0 0 0 1 0 1 0 0 1 1 0 1 1 1 1 0 1 0 1 0 1 1 0 1 0 1 1 0 0 0 1 1 1 0 1 0 1 0 0 0 0 1 1 0 0 0 
0 1 1 0 0 1 1 0 1 1 1 0 0 1 0 0 1 0 1 1 1 0 0 1 0 0 0 1 1 1 0 1 0 0 0 0 1 0 0 1 0 0 1 0 1 0 1 0 0 0 0 1 0 1 1 1 1 0 0 0 1 1 0 0 0 0 1 1 1 0 1 0 0 0 1 0 0 1 1 0 0 1 0 0 1 1 1 1 1 1 1 0 1 1 1 0 0 1 0 0 
0 0 1 1 1 1 1 0 1 1 0 0 0 1 1 1 0 1 0 0 1 1 0 0 1 1 1 0 0 1 1 1 0 1 1 0 0 0 1 1 0 1 0 0 0 1 1 0 0 0 1 0 0 0 1 1 0 0 1 0 0 0 1 0 0 0 0 0 1 1 1 0 0 0 0 1 0 0 0 1 1 1 0 0 0 1 0 1 0 0 0 0 0 1 0 0 0 1 1 0 
0 1 0 0 0 0 1 0 1 0 0 1 0 1 0 1 0 0 1 0 0 1 0 1 1 1 1 1 1 1 0 0 0 1 1 0 1 1 0 0 1 0 1 0 0 1 0 1 1 1 0 1 0 0 0 0 0 0 0 0 1 0 1 1 0 1 0 0 0 0 0 0 0 1 1 1 1 1 0 0 0 1 0 1 1 0 1 1 1 0 1 0 0 1 1 1 1 0 0 0 
0 0 0 1 0 1 0 0 0 1 0 0 0 0 1 1 0 1 0 0 1 0 1 1 1 1 0 1 1 0 0 0 1 1 0 0 0 0 1 0 1 1 0 1 0 0 0 0 1 0 1 1 0 0 0 0 1 1 1 1 1 1 1 0 1 0 1 1 0 0 0 0 1 1 0 0 0 1 1 1 1 1 0 1 0 0 1 1 1 1 1 0 0 1 1 1 1 0 1 1 
0 0 1 0 0 0 0 1 1 0 1 0 1 1 1 0 1 0 1 1 1 0 1 0 0 1 1 1 1 1 0 0 0 1 0 1 1 1 1 0 1 0 0 1 1 1 1 0 1 0 0 1 1 0 1 1 1 0 1 0 1 0 1 1 0 0 0 1 1 1 1 0 1 1 0 0 0 1 1 0 0 1 1 0 1 0 0 0 1 1 0 1 1 1 1 1 0 1 0 1 
0 1 1 1 0 1 1 1 1 0 1 1 1 1 0 0 0 0 0 0 1 1 1 0 1 1 1 1 1 1 1 1 1 1 0 0 1 1 0 0 1 0 1 0 0 0 1 0 1 1 1 0 0 1 0 1 1 0 1 1 1 0 1 1 1 1 0 0 0 0 1 1 0 0 1 0 0 0 1 0 1 0 1 0 0 1 1 1 0 0 1 0 1 1 1 1 0 0 0 1 
1 1 0 1 0 1 0 0 0 1 1 0 0 0 0 1 0 1 0 0 1 0 0 1 0 1 1 1 0 0 1 1 1 1 1 0 0 1 0 0 1 0 1 1 1 0 1 1 1 1 1 0 0 1 1 1 0 1 0 0 0 1 1 0 1 0 0 1 0 1 0 1 1 0 0 1 1 1 1 1 1 0 0 0 1 0 1 0 0 0 1 1 1 1 1 1 0 0 1 0 
1 0 0 1 0 1 1 1 1 1 0 1 0 1 0 1 0 1 1 1 0 1 1 0 1 0 0 1 1 1 0 1 0 1 1 0 0 0 0 0 0 0 0 0 1 0 0 0 0 1 0 1 0 1 1 1 0 1 0 0 0 1 0 0 1 1 0 1 1 0 1 0 0 0 1 1 0 1 1 1 1 0 0 0 1 0 0 1 1 0 1 0 0 1 0 1 0 1 0 0 
0 0 0 1 1 0 0 0 0 1 0 0 1 1 1 0 1 0 0 0 1 0 0 0 0 0 1 0 1 0 1 0 0 0 1 1 0 1 1 0 0 0 1 1 0 1 1 1 0 0 1 0 1 1 0 1 1 0 0 1 1 1 1 0 0 1 0 0 0 1 0 1 1 0 0 0 1 1 1 0 0 1 0 0 0 1 0 0 0 0 0 1 0 1 0 0 0 0 0 1 
0 1 1 1 0 1 1 0 1 1 1 1 1 1 1 1 0 0 1 1 1 0 0 0 1 0 1 0 0 1 0 0 0 1 1 1 0 0 1 1 0 0 1 1 0 1 1 0 0 0 0 0 1 0 0 1 0 1 0 0 0 0 1 1 1 0 1 0 1 0 0 0 1 0 1 1 1 1 1 0 0 0 0 0 0 1 1 0 1 1 0 0 1 1 0 0 0 1 0 1 
1 0 1 0 1 0 0 1 0 1 1 1 0 0 1 0 0 0 0 1 1 1 0 0 0 0 1 0 1 1 0 1 1 1 0 1 0 1 1 0 1 0 1 1 1 1 1 1 1 1 0 1 0 0 0 1 0 0 1 1 1 1 1 1 0 1 0 0 1 1 0 1 0 1 1 0 0 1 0 1 0 0 1 1 0 0 1 0 1 1 1 0 1 0 0 1 1 1 0 1 
0 0 1 0 0 0 0 0 1 1 0 1 1 1 1 1 0 0 0 1 1 1 0 0 1 1 0 0 0 0 0 1 1 1 1 1 1 0 0 1 0 0 1 0 1 0 1 0 0 0 1 0 1 0 0 1 1 0 1 0 1 1 0 0 1 0 1 0 1 0 0 1 0 0 0 0 0 0 1 1 1 0 1 0 1 0 0 0 0 0 0 0 0 0 1 1 1 1 0 0 
0 1 0 1 0 1 1 1 0 1 1 1 0 0 0 1 1 0 1 1 0 0 0 1 0 0 1 0 1 0 0 0 0 1 1 1 0 0 0 1 1 0 1 1 1 0 0 1 0 0 0 1 1 1 1 0 1 1 0 0 0 0 1 1 0 0 0 0 1 0 0 1 1 0 0 0 1 0 0 1 0 1 0 0 1 1 1 1 1 1 0 0 0 1 1 1 0 0 0 1 
0 1 1 0 1 0 0 0 0 1 0 0 1 1 0 0 0 0 1 0 1 0 1 0 1 1 1 1 0 1 0 1 1 1 1 1 1 0 0 0 1 0 0 0 1 1 0 1 0 0 1 0 1 1 1 1 0 1 1 0 1 0 1 0 1 0 1 0 0 0 1 0 0 0 1 0 0 1 0 1 0 1 0 0 1 1 0 1 0 0 0 1 1 1 0 1 1 0 0 0 
0 1 0 1 0 0 0 0 0 0 0 1 1 1 1 1 1 0 0 1 0 0 1 0 1 0 1 1 0 0 0 0 1 0 1 1 1 0 0 0 1 0 0 0 0 0 0 0 1 0 1 1 1 0 1 0 1 0 1 1 0 1 1 0 1 0 0 0 1 1 1 1 1 0 0 1 0 1 0 1 0 0 0 1 0 0 1 1 1 1 0 0 1 0 0 1 1 1 0 1 
1 1 1 1 1 0 0 1 1 1 0 1 1 1 0 0 0 1 0 1 1 0 1 0 1 0 1 1 1 1 1 1 0 0 1 0 1 0 1 0 0 0 0 0 0 0 0 0 0 0 1 1 1 0 1 1 0 0 1 1 1 1 0 1 1 0 1 0 0 1 0 0 0 1 0 0 0 0 0 1 0 1 0 0 1 0 1 0 0 0 0 0 0 1 0 0 0 0 0 1 
0 0 0 1 1 1 0 1 1 0 1 0 1 0 1 0 1 1 1 0 1 0 0 1 1 0 0 1 1 1 1 1 1 0 0 1 0 1 0 1 1 1 0 1 0 1 0 1 0 1 1 0 0 1 0 1 0 1 1 1 0 0 0 1 1 1 1 1 0 0 1 0 0 1 0 0 1 0 0 0 1 1 1 1 1 1 0 1 0 0 1 0 1 1 0 0 0 1 0 0 
1 1 1 1 0 0 1 0 1 1 1 1 1 1 0 1 0 0 1 1 1 1 0 0 1 0 0 1 1 1 1 0 1 1 1 0 0 0 1 1 1 0 1 0 1 0 1 1 1 1 0 0 0 0 0 0 0 0 1 1 0 0 0 0 0 0 1 1 1 1 1 0 1 1 0 0 1 1 0 0 1 1 1 0 1 1 1 0 1 1 0 1 1 0 0 0 1 1 0 0 
0 0 1 1 0 1 0 1 0 0 1 1 0 0 0 0 1 0 1 0 0 1 0 0 0 1 1 1 1 0 1 1 1 0 1 1 0 0 0 0 1 1 0 0 1 0 1 0 0 1 1 1 1 0 0 1 0 1 0 1 1 1 1 1 1 1 1 1 1 0 0 1 1 0 0 0 1 1 1 1 0 0 0 0 1 0 1 0 0 0 1 0 1 1 1 1 1 1 0 1 
0 1 0 0 1 0 0 1 0 1 1 0 1 0 1 1 1 0 0 0 0 0 1 0 0 0 0 0 0 1 1 1 0 1 1 0 0 0 0 0 1 1 0 0 1 1 1 0 1 1 0 0 0 1 0 0 1 1 0 1 0 1 0 1 0 1 1 1 1 1 0 0 1 0 0 1 0 1 0 1 0 0 1 0 0 0 1 0 0 0 1 1 1 0 1 1 1 1 0 0 
0 1 1 0 1 1 1 0 1 0 1 0 0 0 0 0 0 0 0 0 0 0 0 0 0 1 0 1 0 0 0 1 1 0 1 1 1 0 1 1 0 0 0 1 0 1 1 0 1 1 1 1 0 0 1 1 0 0 0 1 0 1 0 0 1 1 1 0 1 1 1 0 0 0 1 1 1 1 1 0 1 0 0 1 0 1 0 0 0 1 1 0 0 0 0 0 0 1 0 1 
0 0 1 0 1 0 0 1 0 1 1 1 0 1 0 1 1 0 0 1 0 0 0 0 0 0 0 1 0 1 0 0 0 0 0 0 0 1 1 1 1 0 0 1 1 0 0 0 1 1 1 1 1 0 1 0 0 1 0 0 1 0 0 0 0 0 0 1 1 1 0 1 0 1 0 0 1 0 0 0 0 0 0 0 1 1 0 0 0 0 0 0 0 1 0 0 1 1 1 1 
1 0 1 0 1 1 1 1 1 0 0 1 0 1 0 0 1 0 0 1 0 1 1 1 0 1 1 0 0 0 1 1 1 0 1 0 1 1 1 1 0 0 0 0 1 0 1 0 0 1 1 1 0 0 1 1 0 1 1 1 1 0 1 0 0 1 1 0 0 1 1 0 0 0 0 0 0 1 0 1 1 1 1 0 0 1 0 0 0 1 0 0 0 0 0 0 0 1 0 1 
1 1 1 1 0 1 1 1 1 0 1 0 1 1 1 0 0 1 1 1 0 0 1 1 1 1 1 0 1 1 0 0 1 1 1 0 1 0 1 1 0 0 0 1 1 0 0 1 1 1 0 0 0 1 0 0 1 1 0 0 1 1 1 0 1 0 0 0 1 0 0 1 0 0 1 1 1 0 0 0 1 0 1 1 1 0 1 0 1 0 1 1 0 1 0 1 1 1 1 0 
0 1 1 0 0 0 0 0 1 1 1 1 1 1 1 0 1 1 1 1 0 0 1 0 1 1 0 0 1 0 0 1 0 0 1 0 1 0 1 1 1 1 0 1 1 0 1 0 0 1 1 1 1 1 0 1 0 1 1 0 0 1 0 1 1 0 0 0 0 0 0 0 0 0 1 1 1 0 0 1 0 1 0 1 1 1 0 1 1 0 1 1 1 1 1 1 0 0 0 0 
0 1 1 1 0 1 0 1 1 0 1 1 1 1 1 1 1 0 1 0 0 1 1 0 0 1 1 1 1 0 1 0 1 1 1 0 1 1 0 1 0 1 0 0 1 1 0 1 0 0 1 0 0 0 1 0 0 0 1 0 0 0 1 1 0 1 0 1 1 1 0 1 0 0 1 1 0 1 0 0 0 1 0 0 1 1 0 0 0 0 1 0 0 0 1 0 1 1 0 0 
0 1 1 0 0 0 0 0 0 1 0 0 0 0 0 0 1 1 1 0 1 1 0 1 1 1 1 1 0 0 1 1 1 1 0 1 1 1 1 1 0 1 1 0 0 1 0 1 1 0 0 1 1 1 0 0 1 1 0 1 0 0 1 0 1 1 1 1 0 0 0 0 0 1 0 1 1 0 1 0 1 0 1 1 1 0 1 0 0 0 0 0 1 0 0 0 1 0 1 0 
1 1 0 0 0 0 0 1 0 0 1 0 1 1 1 0 0 0 1 0 1 1 0 0 1 0 1 0 1 1 1 0 1 0 0 0 0 0 1 1 1 1 0 1 0 0 0 1 1 0 1 0 0 0 0 0 1 0 0 0 0 0 1 0 0 0 0 1 0 1 0 1 1 1 0 1 1 1 1 0 0 1 1 1 1 0 1 0 0 0 0 1 0 0 0 1 1 1 1 0 
1 0 1 0 1 1 1 1 0 1 1 1 0 1 1 1 0 0 1 0 0 0 1 0 1 0 1 0 1 0 1 0 1 1 1 0 1 0 0 0 0 0 0 1 0 0 0 0 1 1 0 0 0 0 0 1 1 1 1 0 0 1 0 0 1 1 0 1 1 0 1 0 1 0 1 1 0 1 1 1 1 0 0 1 1 0 0 0 0 1 0 1 1 0 1 0 1 1 1 1 
0 1 1 0 0 0 1 1 1 0 0 0 0 1 1 1 0 1 1 1 1 1 1 0 0 0 0 0 1 1 1 1 0 1 1 0 0 1 0 0 1 1 0 0 1 0 0 1 0 0 1 1 1 0 0 1 1 1 1 1 1 0 0 0 0 1 0 0 1 1 0 0 1 0 1 0 0 0 0 0 1 1 1 1 0 1 1 1 0 0 1 0 1 0 1 1 0 1 0 1 
1 1 1 1 0 0 1 1 1 0 1 1 1 0 0 0 1 0 1 1 1 0 1 1 1 0 0 0 1 0 1 0 1 0 1 1 1 0 0 0 0 0 1 1 1 0 0 0 1 0 0 1 0 0 0 0 0 0 1 0 0 1 0 1 1 0 1 0 0 1 1 1 1 0 1 1 1 0 1 0 1 1 0 1 1 0 1 1 1 0 1 1 0 0 1 1 1 1 0 1 
0 0 1 1 1 1 0 0 0 1 0 0 0 1 0 0 0 1 1 1 1 1 1 0 0 0 0 1 0 0 0 1 1 0 1 1 0 1 1 1 0 0 1 0 0 1 1 1 1 1 0 0 1 1 0 0 1 0 1 0 1 0 0 0 1 1 0 0 1 1 0 0 0 0 0 1 0 0 0 1 1 1 0 0 0 1 1 1 0 0 0 0 1 0 0 0 1 0 0 0 
1 1 1 1 0 0 1 0 0 1 1 1 1 0 0 0 1 0 0 0 1 0 1 1 0 1 1 1 0 0 0 1 1 1 0 1 1 1 1 0 0 1 0 1 1 1 1 1 1 1 1 0 1 0 1 0 1 0 0 0 1 1 1 0 1 1 1 1 0 1 0 0 0 0 0 0 1 1 0 1 1 1 0 1 1 0 0 1 1 1 1 0 0 1 0 1 1 0 1 0 
1 1 1 0 0 0 1 0 1 1 1 1 0 0 1 0 0 1 0 1 1 0 0 0 1 0 1 0 0 0 0 1 1 0 1 0 1 1 0 0 0 1 0 1 0 1 0 0 0 1 1 0 0 1 1 0 1 0 1 0 1 1 1 0 1 1 1 1 1 1 1 1 0 1 0 1 1 1 0 1 1 1 0 1 0 0 0 0 0 0 1 0 0 0 1 0 1 1 0 0 
0 0 0 1 1 1 0 0 1 0 1 0 1 0 1 0 0 1 0 1 0 0 0 1 0 0 0 0 1 0 0 0 1 1 0 1 0 1 1 0 0 0 1 1 0 0 1 1 0 0 0 1 1 0 1 1 1 1 1 0 0 1 1 1 1 1 1 0 0 0 0 0 1 0 1 1 1 1 1 1 0 0 1 1 1 1 1 1 0 1 1 1 0 1 0 0 0 0 0 0 
0 1 1 1 1 0 0 1 0 0 0 0 1 1 0 1 1 0 1 0 0 0 0 0 1 1 0 1 1 1 0 0 0 0 0 1 1 1 0 1 0 0 0 0 1 0 1 0 0 0 1 1 1 1 0 1 0 1 1 1 1 0 0 1 1 0 1 1 1 0 1 0 1 1 0 0 1 0 0 1 0 1 1 0 1 0 1 1 1 1 0 1 0 1 1 1 0 0 0 0 
0 0 1 1 0 1 0 0 0 1 1 0 0 1 1 0 0 0 1 0 0 0 1 0 1 0 0 0 1 0 0 0 1 0 0 1 1 0 0 1 1 1 1 1 0 0 1 0 1 1 1 1 1 0 0 1 0 1 1 0 1 0 1 0 0 1 1 1 0 0 1 1 1 1 1 0 1 1 1 1 1 0 0 1 0 0 1 1 0 1 0 0 0 1 1 1 0 1 0 1 
1 1 0 1 1 1 0 1 1 0 1 0 0 0 0 0 1 0 1 0 1 1 0 1 0 0 1 0 1 0 0 1 1 1 1 1 1 0 1 0 1 0 1 1 0 1 0 0 0 1 1 0 1 1 1 0 0 1 0 0 1 1 0 1 1 0 0 1 0 1 1 0 0 0 1 0 1 1 0 0 0 1 1 0 1 0 0 0 1 1 1 1 0 1 1 1 0 0 0 0 

0.999000999000997e-3, 0.111245378476080e-1, 0.107035331513068e-1, 0.113477389876385e-1, 0.101692754290393e-1, 0.853065764936597e-2, 0.102596286435904e-1, 0.906866700974725e-2, 0.963035095918899e-2, 0.104743043296788e-1, 0.110416612649744e-1, 0.116180609692685e-1, 0.885002127772667e-2, 0.112870011548302e-1, 0.117873737375313e-1, 0.891962860001339e-2, 0.924437271722149e-2, 0.960257143705416e-2, 0.968433626387999e-2, 0.947197326848990e-2, 0.942624619285726e-2, 0.102964756135244e-1, 0.816424811362169e-2, 0.100194835957091e-1, 0.932131221717255e-2, 0.101805206573364e-1, 0.104498766766082e-1, 0.107865679325103e-1, 0.103317141479365e-1, 0.109733156965357e-1, 0.105091212499696e-1, 0.969234141428958e-2, 0.101046396561160e-1, 0.109811729360795e-1, 0.900818599826986e-2, 0.114639849477910e-1, 0.956104374931848e-2, 0.107838034739719e-1, 0.102420228491414e-1, 0.109788091793830e-1, 0.102323108762517e-1, 0.791261828716707e-2, 0.812214139718128e-2, 0.935660778477209e-2, 0.102365408696166e-1, 0.106137670951329e-1, 0.998502164793669e-2, 0.102281999598494e-1, 0.891568229634448e-2, 0.855587854024584e-2, 0.977245423556386e-2, 0.114606248017631e-1, 0.993958550212780e-2, 0.928466957929890e-2, 0.811972552645815e-2, 0.880046194845815e-2, 0.113516706791091e-1, 0.973915849835816e-2, 0.996678625986451e-2, 0.122279604800785e-1, 0.851399817760629e-2, 0.947536413564681e-2, 0.107165069871759e-1, 0.983231858757678e-2, 0.994560617975444e-2, 0.117585682087185e-1, 0.108856671332085e-1, 0.110743559561504e-1, 0.101327460853277e-1, 0.103035402252977e-1, 0.109230828166552e-1, 0.916177276977794e-2, 0.862476054924279e-2, 0.947144815274795e-2, 0.930106298975699e-2, 0.984644193087316e-2, 0.111473075290390e-1, 0.983038262994709e-2, 0.121623031452274e-1, 0.984408310227430e-2, 0.100985341084897e-1, 0.104995834585523e-1, 0.105626662886033e-1, 0.890813940836558e-2, 0.826130213128125e-2, 0.113680584751702e-1, 0.953204247377074e-2, 0.107800283831912e-1, 0.102836799486710e-1, 0.933675212132053e-2, 0.818675444767059e-2, 0.906146766335468e-2, 0.905930618077120e-2, 0.102269606488346e-1, 0.116699931547744e-1, 0.102485182239683e-1, 0.107076923377518e-1, 0.920554708177696e-2, 0.116318480428821e-1, 0.744156416676773e-2, 0.806679570115133e-2