0 1 1 0 0 0 0 0 0 0 0 1 1 1 1 0 0 0 0 0 0 1 0 1 0 0 1 0 0 1 0 0 1 0 0 1 1 0 1 0 1 1 0 1 0 0 0 1 0 0 
0 0 1 1 0 0 1 1 1 0 1 0 0 0 1 1 0 1 1 0 0 0 0 0 0 1 1 0 0 0 0 0 0 0 0 0 1 1 0 0 0 1 1 0 0 0 1 0 0 0 
1 1 0 1 0 0 0 0 0 1 0 0 0 0 0 0 1 1 0 0 0 0 1 1 0 0 0 1 1 0 1 0 1 1 0 0 1 1 1 1 0 0 1 0 1 1 0 1 0 1 
0 1 1 0 0 0 0 0 1 0 1 1 1 0 1 0 0 0 0 0 1 0 1 0 0 0 0 1 1 0 0 0 0 0 1 0 0 1 1 0 0 0 0 0 0 0 0 1 1 0 
0 0 1 1 0 1 1 1 1 1 0 1 1 1 1 1 1 1 0 1 0 1 1 1 1 1 0 0 0 0 1 0 0 0 0 0 0 1 0 0 1 1 1 1 1 0 0 0 1 0 
1 0 0 0 1 0 0 0 0 0 1 0 1 1 0 0 0 1 0 0 0 0 0 1 0 0 0 1 0 0 1 0 0 1 0 1 1 1 0 1 0 0 1 0 0 0 0 1 1 0 
1 1 0 1 0 0 0 1 0 1 0 1 1 0 1 0 1 1 1 1 1 0 0 1 0 0 1 1 0 0 0 0 1 0 0 1 0 0 0 0 1 1 1 0 0 0 0 0 1 1 
1 0 1 1 1 0 0 0 0 0 0 0 0 0 1 1 0 0 1 0 0 0 0 0 0 1 1 1 0 0 0 0 0 1 0 1 0 0 0 0 1 0 0 1 1 0 1 0 0 0 
0 1 1 1 1 0 0 0 0 0 1 0 0 1 0 0 0 1 0 0 1 0 1 0 0 1 0 0 0 0 0 1 0 0 0 1 0 1 0 1 1 1 0 1 1 1 0 1 1 0 
1 0 1 1 1 1 0 0 1 0 0 1 1 1 0 0 0 0 0 0 0 0 0 1 0 1 0 1 0 0 0 0 0 1 1 1 0 1 0 0 1 1 0 1 0 0 1 1 0 1 
0 0 1 0 1 0 1 1 0 1 0 0 0 1 0 1 1 1 0 1 0 0 0 0 1 1 1 0 0 1 0 1 0 1 1 0 0 0 0 0 0 0 1 1 0 1 0 0 0 1 
0 0 1 0 0 0 1 1 0 0 0 0 0 1 0 1 0 1 1 1 0 1 0 0 0 0 0 0 1 0 0 1 0 1 0 0 0 0 1 1 1 0 0 0 0 0 0 1 0 0 
1 1 0 0 0 1 0 0 1 0 0 0 0 1 0 1 1 0 0 0 1 0 0 0 1 0 0 0 0 1 0 0 0 0 1 0 1 1 1 0 0 0 1 0 0 0 0 0 0 1 
0 0 0 1 1 0 1 1 1 1 0 0 0 0 0 1 0 0 0 0 1 0 1 0 1 0 0 0 0 0 0 0 0 1 1 1 0 0 0 1 1 1 0 0 0 1 1 0 1 0 
1 1 0 0 1 0 0 0 1 0 1 1 0 1 0 0 0 1 0 0 0 1 1 1 1 1 0 0 1 1 0 1 1 0 1 1 1 0 0 0 0 0 1 1 1 0 1 0 1 0 
0 0 1 0 0 0 0 1 0 0 1 0 0 1 0 0 0 0 0 0 0 0 0 0 0 0 0 1 0 1 0 1 0 0 1 1 0 1 0 0 0 1 1 0 1 0 0 0 1 0 
0 0 1 1 0 1 1 0 0 0 1 0 1 0 1 1 0 1 0 0 0 0 0 0 0 0 0 1 0 0 0 1 0 0 0 1 1 0 0 0 0 0 1 0 1 1 0 1 0 1 
1 0 0 1 1 1 1 0 1 0 0 0 1 1 0 1 0 0 1 1 0 0 0 1 0 0 1 0 1 0 0 0 1 1 1 1 1 0 0 0 0 0 1 1 1 0 0 0 1 0 
0 0 0 0 0 1 0 0 1 0 1 0 1 0 0 1 0 0 0 1 0 0 0 0 1 1 1 0 1 0 0 1 0 1 0 0 0 1 1 0 0 1 0 1 0 1 1 1 0 1 
1 1 0 0 1 0 0 1 0 0 0 0 1 0 0 0 0 0 0 0 1 0 1 0 1 1 0 1 0 0 1 1 1 0 0 0 0 0 1 0 0 1 0 1 1 0 0 1 1 1 
1 0 1 0 0 0 0 0 0 0 0 1 0 1 1 0 0 0 0 1 0 0 0 1 0 0 1 0 1 0 1 0 0 1 1 1 1 0 1 0 0 1 1 1 1 1 1 1 0 0 
0 1 0 0 0 1 0 1 1 0 1 0 0 0 0 0 0 0 0 1 0 0 1 0 0 0 0 1 0 0 0 1 1 0 0 0 1 1 1 1 1 1 0 1 0 0 1 1 0 0 
0 0 0 0 0 0 0 1 0 0 0 1 1 0 0 1 0 0 1 1 0 0 0 1 0 0 0 1 1 1 1 0 1 0 0 0 1 1 0 0 1 1 1 1 1 1 0 0 1 0 
1 0 0 0 1 0 1 1 1 0 1 1 1 0 1 0 1 1 0 0 1 1 1 0 0 1 1 1 0 1 0 0 1 1 0 1 0 0 1 0 0 0 1 0 0 0 1 1 0 1 
0 1 0 0 1 0 1 0 0 1 1 0 1 1 1 0 0 0 1 0 0 1 0 1 0 0 0 0 0 1 0 0 0 0 0 1 1 0 0 1 0 0 0 0 0 1 0 1 1 1 
1 0 0 0 1 1 1 0 1 1 1 1 0 0 0 0 0 0 0 1 1 1 0 1 0 0 0 0 1 1 1 0 1 0 1 1 0 1 0 1 1 1 0 0 1 1 0 0 1 1 
1 0 0 0 0 0 1 0 1 0 0 0 1 0 0 0 1 0 1 1 0 0 0 1 1 1 0 1 1 1 1 1 0 0 1 0 1 1 1 0 0 0 0 0 0 1 0 0 0 1 
1 0 0 0 0 0 0 0 0 1 1 0 0 0 1 1 1 0 0 0 0 1 0 1 0 0 0 0 1 1 1 0 1 1 0 0 1 1 1 0 0 0 1 1 1 0 0 1 1 0 
0 0 0 0 1 1 1 1 1 1 1 0 1 1 0 0 0 0 0 0 0 1 1 1 0 1 0 1 0 0 1 1 0 0 0 1 0 1 1 0 0 1 0 1 0 0 0 1 1 0 
0 0 0 0 0 1 0 0 0 0 1 1 1 1 1 0 1 1 0 0 1 1 1 0 1 0 1 1 1 0 0 0 1 0 1 0 0 1 0 0 0 0 0 0 1 1 0 1 0 1 
0 0 0 0 0 1 0 0 1 0 1 0 0 0 0 0 0 0 0 1 0 0 1 0 1 1 0 0 1 0 0 0 0 0 1 0 0 0 1 1 1 1 0 1 1 1 1 1 1 0 
1 0 1 1 0 1 0 1 1 1 1 1 0 0 1 0 1 0 0 1 1 0 1 1 1 0 0 0 0 0 0 0 1 0 1 1 0 0 0 1 1 1 0 0 1 1 1 1 0 0 
1 0 1 0 0 0 0 1 0 0 1 0 0 0 0 0 1 1 0 0 0 1 1 0 0 0 1 1 1 0 1 1 0 0 0 0 0 1 1 1 1 0 0 0 0 1 1 0 1 0 
0 1 1 0 0 0 1 0 1 0 1 0 0 0 0 1 0 0 0 0 0 0 0 0 1 1 0 0 1 0 1 1 1 0 0 1 1 1 1 1 0 0 0 1 0 0 0 0 0 0 
0 0 1 0 0 0 0 0 0 1 1 0 0 0 0 1 1 1 0 0 0 0 0 0 1 1 0 0 1 0 0 0 0 0 0 1 0 0 0 1 0 1 0 0 0 1 1 0 1 0 
0 0 1 0 0 1 0 0 1 0 0 1 0 0 0 0 0 1 1 0 1 0 0 0 1 1 0 0 1 0 0 0 1 0 0 0 0 1 1 1 1 0 1 0 1 0 0 0 0 1 
0 0 0 1 1 0 1 0 0 1 1 0 1 0 0 0 0 0 1 0 1 0 0 0 0 1 0 1 0 0 0 0 0 0 0 1 0 1 1 1 0 1 0 1 0 0 1 1 0 0 
1 0 0 0 0 0 1 0 0 1 1 0 0 0 1 1 0 0 0 0 0 0 0 1 0 0 1 1 0 1 1 1 1 0 1 0 0 0 1 0 1 0 0 0 0 0 1 0 0 1 
0 0 1 0 0 1 1 1 0 0 0 1 1 1 0 1 1 1 0 1 1 0 1 0 1 1 1 0 0 0 0 1 0 1 0 1 1 0 0 1 0 1 1 1 1 1 1 1 1 1 
0 0 0 1 0 0 1 0 1 0 1 0 1 0 1 0 0 1 0 0 0 1 0 0 0 0 1 0 0 0 0 0 1 1 0 1 0 0 0 0 0 1 1 1 0 1 0 0 1 1 
1 1 1 1 1 0 0 1 0 0 1 1 0 0 0 0 0 0 0 0 0 0 0 0 0 0 1 0 0 1 1 0 1 1 0 0 0 1 1 0 0 0 1 0 0 1 0 1 1 1 
1 0 0 1 0 0 1 0 0 1 1 0 1 0 1 1 1 0 1 0 0 0 0 0 0 0 0 0 0 1 0 0 1 0 1 1 0 0 0 0 1 0 0 0 1 0 0 0 1 1 
0 1 1 0 0 0 1 0 0 1 0 1 1 1 1 0 0 1 0 1 0 0 1 1 0 1 0 0 0 1 1 1 0 1 1 0 1 1 1 0 0 1 0 1 1 1 0 0 0 0 
1 1 0 1 0 0 0 1 0 0 1 0 0 1 1 0 0 0 0 1 1 1 0 1 1 0 0 0 0 1 0 0 0 1 1 0 0 0 1 0 0 0 1 0 0 0 0 0 1 0 
1 0 0 1 1 0 0 0 0 0 1 0 1 0 1 1 0 1 1 0 0 0 0 0 1 0 0 0 0 0 1 1 0 1 0 0 0 1 0 1 0 1 0 1 0 0 0 0 1 1 
0 0 1 1 1 0 0 0 0 1 1 0 1 1 1 1 1 1 0 0 0 1 1 1 0 0 0 0 0 1 0 1 1 0 1 1 0 1 0 0 0 0 0 0 0 0 1 1 0 0 
1 0 1 0 1 0 1 1 0 1 0 0 0 0 0 0 0 1 0 1 1 1 0 1 0 0 1 0 0 0 0 1 1 0 0 0 0 0 0 0 0 0 1 0 1 0 0 0 1 0 
0 0 0 1 0 1 0 1 0 0 0 0 1 1 0 0 1 0 1 1 1 0 0 0 0 0 0 0 0 0 1 0 0 0 1 1 0 0 1 0 0 1 0 1 0 0 1 0 0 1 
0 0 0 0 0 1 0 0 0 0 0 0 0 0 0 0 0 1 1 0 0 0 0 1 1 0 0 1 1 1 0 0 1 0 1 1 0 1 0 0 1 0 0 0 0 0 1 0 0 0 
0 0 1 1 0 0 1 0 0 0 1 0 0 1 1 0 0 1 1 0 1 0 0 0 0 0 1 0 0 0 0 1 1 0 0 1 0 1 0 1 0 1 0 1 0 0 0 1 0 0 

0.199600798403194e-2, 0.223016387439074e-1, 0.142931140180763e-1, 0.238372239941760e-1, 0.201116601153207e-1, 0.169305352827646e-1, 0.159131169531959e-1, 0.205443795270041e-1, 0.186805218289742e-1, 0.177418591956257e-1, 0.173213628950008e-1, 0.290207408979087e-1, 0.146333283762970e-1, 0.227454429984056e-1, 0.212549125144813e-1, 0.209686709943099e-1, 0.202736139744386e-1, 0.167092305835845e-1, 0.238018982604638e-1, 0.164892093305843e-1, 0.164180066338404e-1, 0.175549449092998e-1, 0.142692613315106e-1, 0.151466342980519e-1, 0.211734318266502e-1, 0.193446926866866e-1, 0.178286220790873e-1, 0.176271581605810e-1, 0.194284658933425e-1, 0.185883562603218e-1, 0.197082118636939e-1, 0.160940082491254e-1, 0.197392296528504e-1, 0.237670810119076e-1, 0.177697028398124e-1, 0.232902196286225e-1, 0.278931869733348e-1, 0.160752786653131e-1, 0.270684273207538e-1, 0.233541919636120e-1, 0.182395899830487e-1, 0.186457521771812e-1, 0.235301321597658e-1, 0.211146667752869e-1, 0.226065044158931e-1, 0.200864510442319e-1, 0.189909188876868e-1, 0.195484903725093e-1, 0.221142184167311e-1, 0.254810043012405e-1, 0.219346907494753e-1
